Tarih,Hisse,open,high,low,close,volume,YuksekKapanis_Fark,AcilisKapanis_Fark,AcilisKapanisFark_Ort,AcilisKapanisFark_OrtalamayaGoreDegisim,AcilisKapanisFarkOrt_MaxSon10,HacimOrtalama,%Hacim_HacimOrtalama,Fark_Orani,Kosul,rsi,Tarih1,prev_close,%Deg,isPivot,pointpos,destek,direnc,Tsinyal_Banker_Dip,Tsinyal_Banker_DipKarar
31-01-2025 13:00,FENER,51.25,52.4,51.25,52.25,1504790.0,0.15,1.0,0.16,541.03,1.0,755264.0,99.24,0.15,True,63.67,2025-01-31,51.0,2.45,0,,49.8,52.6,False,False
31-01-2025 12:00,PASEU,31.22,32.2,31.12,32.04,731415.0,0.16,0.82,0.01,13566.67,0.82,330605.8,121.23,0.2,True,39.87,2025-01-31,31.96,0.25,0,,31.7,36.46,True,True
31-01-2025 11:00,RTALB,17.14,18.2,17.14,17.91,11063897.0,0.29,0.77,0.1,702.08,0.77,2043767.3,441.35,0.38,True,61.35,2025-01-31,17.04,5.11,0,,16.95,18.11,True,False
31-01-2025 11:00,SOKE,11.85,11.9,11.8,11.9,163742.0,0.0,0.05,0.0,4900.0,0.05,87588.0,86.95,0.0,True,49.29,2025-01-31,11.83,0.59,0,,11.79,11.92,True,False
31-01-2025 11:00,FLAP,9.04,9.09,9.01,9.08,293724.0,0.01,0.04,0.0,900.0,0.04,183292.9,60.25,0.25,True,49.91,2025-01-31,9.06,0.22,0,,8.98,9.15,True,False
31-01-2025 11:00,GOKNR,21.84,22.28,21.8,22.22,772103.0,0.06,0.38,0.05,660.0,0.38,228418.4,238.02,0.16,True,69.18,2025-01-31,21.66,2.59,0,,21.36,23.12,False,False
31-01-2025 11:00,TKFEN,64.5,65.25,64.35,65.2,575998.0,0.05,0.7,0.21,233.33,0.7,323898.7,77.83,0.07,True,65.28,2025-01-31,64.2,1.56,0,,62.65,65.7,False,False
31-01-2025 10:00,TATEN,42.32,43.88,42.22,43.52,647051.0,0.36,1.2,0.11,990.91,1.2,200158.3,223.27,0.3,True,56.55,2025-01-31,42.0,3.62,0,,41.4,44.52,False,False
31-01-2025 10:00,KRDMA,33.66,34.58,33.66,34.38,834038.0,0.2,0.72,0.11,566.67,0.72,395586.0,110.84,0.28,True,76.5,2025-01-31,33.6,2.32,0,,28.18,ATH,False,False
31-01-2025 10:00,KOZAL,22.8,23.02,22.7,23.02,11653171.0,0.0,0.22,0.01,3566.67,0.22,5058444.4,130.37,0.0,True,44.86,2025-01-31,22.7,1.41,0,,22.72,24.08,True,True
31-01-2025 10:00,GLRMK,142.6,147.2,141.5,146.6,2155272.0,0.6,4.0,0.41,875.61,4.0,963692.4,123.65,0.15,True,64.17,2025-01-31,142.2,3.09,0,,136.0,151.1,False,False
31-01-2025 10:00,ALKLC,25.44,26.16,25.44,26.12,1235839.0,0.04,0.68,0.04,1600.0,0.68,726405.0,70.13,0.06,True,52.2,2025-01-31,25.44,2.67,0,,24.94,27.28,False,False
31-01-2025 10:00,REEDR,13.74,14.05,13.68,13.98,12011260.0,0.07,0.24,0.02,1400.0,0.24,3292241.2,264.84,0.29,True,68.75,2025-01-31,13.7,2.04,0,,13.4,14.1,False,False
31-01-2025 10:00,KLSYN,5.65,5.75,5.65,5.75,417355.0,0.0,0.1,0.01,1011.11,0.1,214001.4,95.02,0.0,True,54.23,2025-01-31,5.65,1.77,0,,5.64,5.94,True,True
31-01-2025 10:00,CANTE,1.54,1.59,1.53,1.58,65243454.0,0.01,0.04,0.0,1900.0,0.04,13121742.3,397.22,0.25,True,56.36,2025-01-31,1.53,3.27,0,,1.55,1.61,True,True
31-01-2025 10:00,DARDL,4.88,5.1,4.87,5.04,4590789.0,0.06,0.16,0.01,2185.71,0.16,922277.5,397.77,0.37,True,60.56,2025-01-31,4.87,3.49,0,,5.0,5.16,True,True
31-01-2025 10:00,AKSA,11.33,11.66,11.32,11.61,11560233.0,0.05,0.28,0.04,536.36,0.28,2390161.3,383.66,0.18,True,78.14,2025-01-31,11.32,2.56,0,,10.96,ATH,False,False
31-01-2025 10:00,TRCAS,28.98,30.4,28.92,30.16,1409544.0,0.24,1.18,0.07,1538.89,1.18,271977.6,418.26,0.2,True,65.04,2025-01-31,28.96,4.14,0,,27.82,30.66,False,False
31-01-2025 10:00,AKBNK,66.0,66.9,65.85,66.7,27718140.0,0.2,0.7,0.06,976.92,0.7,7445116.8,272.3,0.29,True,57.49,2025-01-31,65.5,1.83,0,,65.4,67.6,False,False
31-01-2025 10:00,DENGE,3.28,3.39,3.26,3.37,3396131.0,0.02,0.09,0.01,800.0,0.09,1260740.1,169.38,0.22,True,55.59,2025-01-31,3.26,3.37,0,,3.24,3.52,True,False
30-01-2025 17:00,KMPUR,18.3,18.43,18.28,18.41,313417.0,0.02,0.11,0.01,746.15,0.11,98441.3,218.38,0.18,True,52.59,2025-01-30,18.34,0.38,0,,18.2,18.52,True,True
30-01-2025 17:00,BARMA,16.38,16.57,16.3,16.56,264578.0,0.01,0.18,0.01,1100.0,0.18,95697.3,176.47,0.06,True,45.83,2025-01-30,16.41,0.91,0,,16.28,18.66,True,True
30-01-2025 17:00,SAYAS,42.96,43.94,42.9,43.68,784773.0,0.26,0.72,0.06,1141.38,0.72,143454.3,447.05,0.36,True,62.29,2025-01-30,42.8,2.06,0,,42.7,45.6,True,True
30-01-2025 17:00,HDFGS,1.58,1.59,1.57,1.59,2333098.0,0.0,0.01,0.0,400.0,0.01,984125.3,137.07,0.0,True,47.57,2025-01-30,1.57,1.27,0,,1.57,1.6,True,False
30-01-2025 17:00,LKMNH,20.52,21.08,20.42,21.0,570223.0,0.08,0.48,0.03,1746.15,0.48,116041.8,391.39,0.17,True,58.6,2025-01-30,20.7,1.45,0,,20.28,21.9,True,True
30-01-2025 17:00,SEGMN,21.22,21.82,21.04,21.78,398071.0,0.04,0.56,0.04,1455.56,0.56,117513.5,238.74,0.07,True,60.69,2025-01-30,21.4,1.78,0,,21.02,22.02,True,True
30-01-2025 16:00,OZSUB,35.26,35.96,35.1,35.96,321100.0,0.0,0.7,0.12,483.33,0.7,117188.1,174.0,0.0,True,65.01,2025-01-30,34.34,4.72,0,,34.32,36.28,False,False
30-01-2025 16:00,EREGL,22.96,23.18,22.96,23.16,35444341.0,0.02,0.2,0.01,3233.33,0.2,19147923.6,85.11,0.1,True,55.56,2025-01-30,22.92,1.05,1,23.18,22.92,23.18,False,False
30-01-2025 16:00,DAGI,15.37,15.66,15.35,15.64,381805.0,0.02,0.27,0.03,718.18,0.27,117060.2,226.16,0.07,True,57.91,2025-01-30,15.34,1.96,0,,15.13,16.18,True,False
30-01-2025 16:00,KRDMD,27.14,27.72,27.08,27.62,13006211.0,0.1,0.48,0.01,3900.0,0.48,5366270.9,142.37,0.21,True,64.63,2025-01-30,27.46,0.58,3,,26.3,27.7,False,False
30-01-2025 16:00,BMSTL,31.44,31.94,31.38,31.92,584594.0,0.02,0.48,0.1,389.8,0.48,311692.3,87.55,0.04,True,67.26,2025-01-30,30.8,3.64,0,,30.52,32.0,False,False
30-01-2025 15:00,OBAMS,58.35,60.65,57.95,60.65,1649414.0,0.0,2.3,0.45,411.11,2.3,683126.0,141.45,0.0,True,80.12,2025-01-30,56.5,7.35,0,,53.6,ATH,False,False
30-01-2025 15:00,METRO,2.9,2.98,2.9,2.96,6254961.0,0.02,0.06,0.01,400.0,0.06,1794025.1,248.66,0.33,True,77.71,2025-01-30,2.86,3.5,0,,2.77,ATH,False,False
30-01-2025 15:00,SAMAT,20.1,20.88,20.08,20.8,530960.0,0.08,0.7,0.09,652.69,0.7,325609.6,63.07,0.11,True,66.12,2025-01-30,19.88,4.63,0,,19.82,22.18,False,False
30-01-2025 14:00,KRVGD,2.11,2.2,2.11,2.18,9281518.0,0.02,0.07,0.01,536.36,0.07,4416451.7,110.16,0.29,True,73.22,2025-01-30,2.02,7.92,0,,2.0,2.21,False,False
30-01-2025 14:00,HALKB,19.34,19.86,19.33,19.78,9361568.0,0.08,0.44,0.03,1529.63,0.44,3698607.2,153.11,0.18,True,65.93,2025-01-30,19.65,0.66,0,,19.25,ATH,False,False
30-01-2025 13:00,BERA,15.64,16.73,15.62,16.73,7849958.0,0.0,1.09,0.13,758.27,1.09,1871925.5,319.35,0.0,True,85.84,2025-01-30,15.59,7.31,0,,15.1,17.06,False,False
30-01-2025 13:00,AHSGY,25.48,26.6,25.44,26.38,1266568.0,0.22,0.9,0.12,625.81,0.9,412914.3,206.74,0.24,True,66.0,2025-01-30,25.0,5.52,1,26.6,24.9,26.6,False,False
30-01-2025 13:00,HTTBT,42.04,42.82,42.04,42.8,128079.0,0.02,0.76,0.07,955.56,0.76,53368.7,139.99,0.03,True,61.53,2025-01-30,41.7,2.64,1,42.82,41.1,42.82,False,False
30-01-2025 13:00,PETUN,10.0,10.08,9.98,10.07,322004.0,0.01,0.07,0.01,775.0,0.07,173990.8,85.07,0.14,True,55.75,2025-01-30,9.93,1.41,0,,9.87,10.12,False,False
30-01-2025 13:00,INVEO,7.35,7.4,7.33,7.39,264083.0,0.01,0.04,0.01,566.67,0.04,175910.4,50.12,0.25,True,64.91,2025-01-30,7.21,2.5,0,,7.16,ATH,False,False
30-01-2025 13:00,TEZOL,17.0,17.35,17.0,17.33,1215898.0,0.02,0.33,0.08,323.08,0.33,591942.8,105.41,0.06,True,76.84,2025-01-30,16.63,4.21,0,,15.87,17.48,False,False
30-01-2025 12:00,DERHL,17.42,18.81,17.42,18.74,3225098.0,0.07,1.32,0.09,1417.24,1.32,512512.9,529.27,0.05,True,67.87,2025-01-30,17.48,7.21,0,,17.27,19.01,False,False
30-01-2025 12:00,BSOKE,13.01,13.26,12.96,13.24,2903015.0,0.02,0.23,0.02,1337.5,0.23,1457808.0,99.14,0.09,True,57.61,2025-01-30,13.04,1.53,0,,12.82,13.72,False,False
30-01-2025 12:00,ALKIM,17.31,17.65,17.31,17.59,308581.0,0.06,0.28,0.01,2053.85,0.28,186804.0,65.19,0.21,True,42.47,2025-01-30,17.25,1.97,0,,17.14,19.06,True,True
30-01-2025 11:00,TOASO,217.3,220.2,217.0,220.0,2382547.0,0.2,2.7,0.44,513.64,2.7,797273.1,198.84,0.07,True,69.3,2025-01-30,214.7,2.47,0,,212.4,ATH,False,False
30-01-2025 11:00,TDGYO,15.32,15.98,15.01,15.97,452392.0,0.01,0.65,0.0,16150.0,0.65,281955.5,60.45,0.02,True,62.99,2025-01-30,16.15,-1.11,2,15.01,15.01,16.27,False,False
30-01-2025 11:00,MAKTK,6.41,6.5,6.4,6.48,646517.0,0.02,0.07,0.0,7.88129934789839e+16,0.07,295453.8,118.82,0.29,True,46.91,2025-01-30,6.39,1.41,1,6.5,6.35,6.5,True,False
30-01-2025 11:00,AFYON,15.42,15.64,15.41,15.63,1469569.0,0.01,0.21,0.05,337.5,0.21,935148.9,57.15,0.05,True,65.48,2025-01-30,15.33,1.96,0,,15.04,15.78,False,False
30-01-2025 11:00,ULKER,121.9,123.5,121.8,123.4,2315020.0,0.1,1.5,0.2,650.0,1.5,1402184.3,65.1,0.07,True,73.85,2025-01-30,120.8,2.15,0,,120.3,ATH,False,False
30-01-2025 11:00,HUBVC,2.04,2.07,2.03,2.07,253806.0,0.0,0.03,0.0,900.0,0.03,166886.2,52.08,0.0,True,43.32,2025-01-30,2.07,0.0,2,2.03,2.03,2.27,True,True
30-01-2025 10:00,ENKAI,48.4,49.04,48.24,49.02,3509053.0,0.02,0.62,0.03,1966.67,0.62,1548732.8,126.58,0.03,True,49.06,2025-01-30,48.28,1.53,0,,48.16,50.3,True,True
30-01-2025 10:00,CRDFA,7.15,7.5,7.1,7.45,822167.0,0.05,0.3,0.05,466.04,0.3,187487.6,338.52,0.17,True,63.64,2025-01-30,7.18,3.76,3,,7.09,7.5,False,False
30-01-2025 10:00,CEMZY,12.56,12.83,12.5,12.77,2944074.0,0.06,0.21,0.01,3400.0,0.21,1401084.0,110.13,0.29,True,63.89,2025-01-30,12.5,2.16,0,,11.92,12.91,False,False
30-01-2025 10:00,ARMGD,34.66,35.74,34.62,35.58,1645308.0,0.16,0.92,0.09,945.45,0.92,616794.2,166.75,0.17,True,64.63,2025-01-30,34.62,2.77,0,,32.94,35.98,False,False
30-01-2025 10:00,KLKIM,32.58,32.88,32.44,32.84,425919.0,0.04,0.26,0.01,3150.0,0.26,195571.0,117.78,0.15,True,54.55,2025-01-30,32.3,1.67,0,,32.14,32.94,True,False
30-01-2025 10:00,BAYRK,18.97,19.56,18.73,19.56,1183253.0,0.0,0.59,0.01,7275.0,0.59,350654.0,237.44,0.0,True,58.16,2025-01-30,18.99,3.0,0,,18.7,20.5,True,True
30-01-2025 10:00,GSRAY,2.01,2.02,2.0,2.02,23687893.0,0.0,0.01,0.0,900.0,0.01,9358655.4,153.11,0.0,True,37.52,2025-01-30,2.01,0.5,2,2.0,2.0,2.06,False,False
30-01-2025 10:00,BLCYT,16.34,16.56,16.15,16.52,170311.0,0.04,0.18,0.02,1100.0,0.18,67566.9,152.06,0.22,True,56.02,2025-01-30,16.29,1.41,0,,16.1,17.08,False,False
29-01-2025 17:00,TERA,41.52,42.58,41.1,42.5,264681.0,0.08,0.98,0.01,12150.0,0.98,128482.9,106.0,0.08,True,54.82,2025-01-29,42.5,0.0,0,,40.88,43.7,False,False
29-01-2025 17:00,SKYMD,14.54,14.89,14.43,14.89,931047.0,0.0,0.35,0.04,797.44,0.35,535471.5,73.87,0.0,True,66.75,2025-01-29,14.5,2.69,0,,13.64,14.96,False,False
29-01-2025 17:00,PINSU,6.78,6.83,6.76,6.82,302152.0,0.01,0.04,0.0,3900.0,0.04,128186.3,135.71,0.25,True,56.59,2025-01-29,6.82,0.0,0,,6.72,7.07,False,False
29-01-2025 17:00,HURGZ,4.89,5.05,4.88,5.05,664101.0,0.0,0.16,0.01,1130.77,0.16,333544.1,99.1,0.0,True,60.03,2025-01-29,4.93,2.43,0,,4.85,5.27,True,False
29-01-2025 16:00,SELEC,68.85,69.55,68.8,69.55,187385.0,0.0,0.7,0.02,3400.0,0.7,115622.0,62.07,0.0,True,45.92,2025-01-29,69.0,0.8,0,,68.0,74.0,True,True
29-01-2025 16:00,ISKPL,19.06,20.4,19.06,20.4,2020272.0,0.0,1.34,0.16,748.1,1.34,324667.5,522.26,0.0,True,80.79,2025-01-29,18.55,9.97,0,,18.46,20.7,False,False
29-01-2025 16:00,TAVHL,280.5,284.0,280.25,283.25,530411.0,0.75,2.75,0.35,685.71,2.75,214259.4,147.56,0.27,True,60.57,2025-01-29,279.0,1.52,1,284.0,276.0,284.0,False,False
29-01-2025 16:00,KRDMB,23.9,24.34,23.88,24.32,353957.0,0.02,0.42,0.04,1066.67,0.42,151219.0,134.07,0.05,True,67.77,2025-01-29,23.98,1.42,0,,23.8,ATH,False,False
29-01-2025 16:00,ARTMS,28.64,30.22,28.64,29.92,700637.0,0.3,1.28,0.1,1130.77,1.28,140601.6,398.31,0.23,True,64.57,2025-01-29,28.94,3.39,0,,28.6,29.96,True,True
29-01-2025 16:00,GARAN,134.9,137.0,134.9,136.5,4411601.0,0.5,1.6,0.1,1500.0,1.6,2752062.2,60.3,0.31,True,60.0,2025-01-29,135.5,0.74,0,,129.5,137.1,False,False
29-01-2025 15:00,IHEVA,2.45,2.57,2.44,2.55,2202900.0,0.02,0.1,0.01,733.33,0.1,468386.6,370.32,0.2,True,66.33,2025-01-29,2.43,4.94,1,2.57,2.4,2.57,False,False
29-01-2025 15:00,IHGZT,1.42,1.51,1.42,1.49,35336109.0,0.02,0.07,0.01,677.78,0.07,10223186.2,245.65,0.29,True,69.83,2025-01-29,1.4,6.43,1,1.51,1.38,1.51,False,False
29-01-2025 15:00,BEGYO,7.95,8.03,7.95,8.03,1970200.0,0.0,0.08,0.01,566.67,0.08,1180468.3,66.9,0.0,True,75.17,2025-01-29,7.86,2.16,0,,7.72,ATH,False,False
29-01-2025 14:00,EGSER,3.68,3.79,3.67,3.76,3058795.0,0.03,0.08,0.01,900.0,0.08,557593.8,448.57,0.38,True,59.14,2025-01-29,3.7,1.62,1,3.79,3.68,3.79,True,True
29-01-2025 14:00,IHYAY,3.41,3.57,3.39,3.53,10599951.0,0.04,0.12,0.03,300.0,0.12,3890362.3,172.47,0.33,True,78.73,2025-01-29,3.25,8.62,0,,3.17,ATH,False,False
29-01-2025 14:00,BINBN,98.5,104.2,97.95,103.9,406161.0,0.3,5.4,0.57,847.37,5.4,80481.5,404.66,0.06,True,74.27,2025-01-29,97.75,6.29,0,,96.35,ATH,False,False
29-01-2025 13:00,KARSN,12.18,12.36,12.17,12.36,8025692.0,0.0,0.18,0.02,682.61,0.18,2442777.6,228.55,0.0,True,62.41,2025-01-29,12.2,1.31,0,,11.93,12.57,False,False
29-01-2025 13:00,IMASM,2.86,2.87,2.84,2.87,1107659.0,0.0,0.01,0.0,2.25179981368529e+16,0.01,596080.1,85.82,0.0,True,50.39,2025-01-29,2.84,1.06,1,2.87,2.83,2.88,True,False
29-01-2025 13:00,KNFRT,12.57,12.95,12.57,12.93,426047.0,0.02,0.36,0.0,7100.0,0.36,249613.2,70.68,0.06,True,49.3,2025-01-29,12.64,2.29,0,,12.2,13.79,True,True
29-01-2025 13:00,BIMAS,539.0,547.0,539.0,546.5,2670719.0,0.5,7.5,2.75,172.73,7.5,1218016.3,119.27,0.07,True,83.01,2025-01-29,522.5,4.59,0,,502.5,ATH,False,False
29-01-2025 13:00,BVSAN,108.9,114.4,108.6,113.5,581856.0,0.9,4.6,0.14,3185.71,4.6,183665.7,216.8,0.2,True,61.22,2025-01-29,110.1,3.09,0,,107.0,113.8,False,False
29-01-2025 12:00,FRIGO,8.74,8.91,8.69,8.9,2472359.0,0.01,0.16,0.05,207.69,0.16,800630.5,208.8,0.06,True,74.97,2025-01-29,8.5,4.71,0,,8.38,ATH,False,False
29-01-2025 12:00,ESEN,27.42,28.0,27.42,27.86,674579.0,0.14,0.44,0.01,5400.0,0.44,311041.3,116.88,0.32,True,57.0,2025-01-29,27.56,1.09,0,,27.08,28.14,False,False
29-01-2025 11:00,AEFES,164.5,166.7,164.3,166.4,1270249.0,0.3,1.9,0.19,900.0,1.9,506457.3,150.81,0.16,True,61.58,2025-01-29,164.3,1.28,0,,163.2,167.5,False,False
29-01-2025 11:00,MGROS,566.5,580.0,566.0,578.5,829711.0,1.5,12.0,2.1,471.43,12.0,299166.0,177.34,0.12,True,78.65,2025-01-29,554.5,4.33,0,,545.0,ATH,False,False
29-01-2025 11:00,LIDFA,2.99,3.15,2.99,3.13,3129827.0,0.02,0.14,0.01,900.0,0.14,667625.8,368.8,0.14,True,79.35,2025-01-29,3.0,4.33,0,,2.97,ATH,False,False
29-01-2025 11:00,ENJSA,61.4,62.25,61.25,62.15,713045.0,0.1,0.75,0.12,525.0,0.75,325623.7,118.98,0.13,True,57.41,2025-01-29,61.4,1.22,0,,60.5,64.0,True,False
29-01-2025 11:00,DMRGD,11.96,12.8,11.93,12.67,2634754.0,0.13,0.71,0.05,1239.62,0.71,387603.1,579.76,0.18,True,71.95,2025-01-29,12.0,5.58,2,11.93,11.93,12.68,True,True
29-01-2025 11:00,GIPTA,42.84,44.34,42.8,44.04,655905.0,0.3,1.2,0.2,494.06,1.2,288909.3,127.03,0.25,True,61.02,2025-01-29,42.1,4.61,1,44.34,41.78,44.34,True,False
29-01-2025 11:00,DMSAS,9.17,9.49,9.0,9.42,964045.0,0.07,0.25,0.04,525.0,0.25,283119.0,240.51,0.28,True,68.31,2025-01-29,9.02,4.43,2,9.0,9.0,ATH,False,False
29-01-2025 10:00,SOKM,38.58,39.06,38.58,38.96,2398658.0,0.1,0.38,0.04,955.56,0.38,796132.7,201.29,0.26,True,57.78,2025-01-29,38.44,1.35,0,,38.12,40.04,True,False
29-01-2025 10:00,KIMMR,10.5,11.53,10.44,11.31,3637618.0,0.22,0.81,0.08,938.46,0.81,491699.7,639.8,0.27,True,76.21,2025-01-29,10.49,7.82,3,,10.45,ATH,False,False
29-01-2025 10:00,PCILT,17.75,18.08,17.71,18.04,254409.0,0.04,0.29,0.02,1605.88,0.29,90624.4,180.73,0.14,True,61.47,2025-01-29,17.71,1.86,0,,17.68,18.15,False,False
29-01-2025 10:00,PKART,80.1,88.1,80.05,87.1,600577.0,1.0,7.0,0.01,69900.0,7.0,177891.6,237.61,0.14,True,59.45,2025-01-29,82.05,6.15,2,80.05,80.05,92.75,False,False
29-01-2025 10:00,DZGYO,9.12,9.28,9.04,9.25,1284306.0,0.03,0.13,0.03,348.28,0.13,667953.9,92.27,0.23,True,49.95,2025-01-29,9.08,1.87,0,,9.02,9.66,True,True
29-01-2025 10:00,PENGD,7.07,7.23,7.07,7.23,1839586.0,0.0,0.16,0.01,1354.55,0.16,550868.2,233.94,0.0,True,56.44,2025-01-29,7.06,2.41,0,,7.0,7.5,True,True
29-01-2025 10:00,ISMEN,45.7,46.18,45.64,46.1,435555.0,0.08,0.4,0.05,700.0,0.4,275927.5,57.85,0.2,True,50.87,2025-01-29,45.74,0.79,0,,45.46,46.24,True,True
29-01-2025 10:00,HEDEF,4.19,4.38,4.16,4.34,2060556.0,0.04,0.15,0.01,1775.0,0.15,465900.7,342.27,0.27,True,60.51,2025-01-29,4.14,4.83,1,4.38,4.11,4.38,True,True
29-01-2025 10:00,IHAAS,18.0,19.3,17.9,19.3,4978164.0,0.0,1.3,0.3,331.89,1.3,1032504.3,382.14,0.0,True,92.62,2025-01-29,17.55,9.97,1,19.3,15.77,ATH,False,False
29-01-2025 10:00,AKGRT,8.17,8.31,8.17,8.29,3218324.0,0.02,0.12,0.0,3900.0,0.12,1738819.8,85.09,0.17,True,62.74,2025-01-29,8.13,1.97,0,,7.98,8.31,False,False
29-01-2025 10:00,KTLEV,54.65,56.95,54.3,56.65,2035312.0,0.3,2.0,0.23,751.06,2.0,416154.5,389.08,0.15,True,72.92,2025-01-29,54.65,3.66,0,,53.2,57.15,False,False
29-01-2025 10:00,IHLAS,3.02,3.2,3.0,3.17,76354993.0,0.03,0.15,0.03,435.71,0.15,21281858.2,258.78,0.2,True,64.07,2025-01-29,3.05,3.93,0,,2.89,3.28,False,False
29-01-2025 10:00,IHLGM,1.94,2.03,1.93,2.02,28247437.0,0.01,0.08,0.01,471.43,0.08,8914511.1,216.87,0.12,True,61.72,2025-01-29,1.94,4.12,0,,1.88,2.1,False,False
28-01-2025 17:00,KRONT,22.54,24.3,22.42,24.3,698937.0,0.0,1.76,0.14,1122.22,1.76,188741.4,270.31,0.0,True,71.33,2025-01-28,22.8,6.58,0,,22.16,24.34,False,False
28-01-2025 17:00,HOROZ,64.85,66.85,64.6,66.8,972409.0,0.05,1.95,0.33,500.0,1.95,245470.1,296.14,0.03,True,74.22,2025-01-28,63.65,4.95,0,,61.1,ATH,False,False
28-01-2025 17:00,GLYHO,17.75,17.95,17.75,17.9,730162.0,0.05,0.15,0.01,1150.0,0.15,256051.0,185.16,0.33,True,43.54,2025-01-28,17.78,0.67,0,,17.58,18.89,True,True
28-01-2025 17:00,LRSHO,2.13,2.14,2.12,2.14,1767612.0,0.0,0.01,0.0,900.0,0.01,668191.9,164.54,0.0,True,44.51,2025-01-28,2.14,0.0,0,,2.12,2.23,True,True
28-01-2025 17:00,FZLGY,31.74,33.3,31.68,32.98,1591680.0,0.32,1.24,0.17,612.64,1.24,329554.5,382.98,0.26,True,73.57,2025-01-28,31.32,5.3,1,33.3,30.84,33.3,False,False
28-01-2025 16:00,SNICA,5.2,5.23,5.2,5.23,2681995.0,0.0,0.03,0.0,1400.0,0.03,960886.2,179.12,0.0,True,49.62,2025-01-28,5.18,0.97,1,5.23,5.16,5.43,True,False
28-01-2025 16:00,VESBE,15.31,15.4,15.31,15.4,837373.0,0.0,0.09,0.0,2150.0,0.09,423404.4,97.77,0.0,True,45.59,2025-01-28,15.32,0.52,0,,15.0,15.46,False,False
28-01-2025 16:00,IPEKE,56.75,57.7,56.7,57.5,2388263.0,0.2,0.75,0.06,1053.85,0.75,697502.9,242.4,0.27,True,54.8,2025-01-28,56.6,1.59,0,,55.95,59.2,False,False
28-01-2025 16:00,KOZAA,72.3,74.2,72.25,74.1,1328007.0,0.1,1.8,0.14,1233.33,1.8,611794.4,117.07,0.06,True,57.58,2025-01-28,73.0,1.51,0,,71.85,75.15,False,False
28-01-2025 16:00,DOHOL,14.11,14.35,14.09,14.34,6449955.0,0.01,0.23,0.01,1542.86,0.23,2839056.7,127.19,0.04,True,55.94,2025-01-28,14.21,0.91,2,14.09,14.09,14.53,False,False
28-01-2025 16:00,MAVI,70.45,71.75,70.3,71.4,2054852.0,0.35,0.95,0.08,1166.67,0.95,1028919.1,99.71,0.37,True,48.59,2025-01-28,70.2,1.71,0,,70.0,74.95,True,True
28-01-2025 16:00,KRSTL,5.84,6.15,5.83,6.12,3144312.0,0.03,0.28,0.03,803.23,0.28,569730.9,451.89,0.11,True,79.2,2025-01-28,5.8,5.52,0,,5.79,ATH,False,False
28-01-2025 16:00,GLRYH,3.16,3.22,3.14,3.22,5286737.0,0.0,0.06,0.02,233.33,0.06,2941870.2,79.71,0.0,True,79.14,2025-01-28,3.11,3.54,0,,3.04,ATH,False,False
28-01-2025 15:00,DYOBY,30.24,30.66,30.16,30.58,472780.0,0.08,0.34,0.05,639.13,0.34,197645.3,139.21,0.24,True,62.73,2025-01-28,30.1,1.59,0,,29.72,30.6,False,False
28-01-2025 15:00,AVHOL,35.5,36.96,35.36,36.9,406465.0,0.06,1.4,0.18,677.78,1.4,101030.7,302.32,0.04,True,76.72,2025-01-28,34.92,5.67,0,,34.92,37.74,False,False
28-01-2025 14:00,PEKGY,1.42,1.48,1.41,1.47,79901427.0,0.01,0.05,0.01,900.0,0.05,13423046.8,495.26,0.2,True,67.02,2025-01-28,1.39,5.76,1,1.48,1.38,1.48,False,False
28-01-2025 12:00,KZBGY,5.43,5.52,5.43,5.51,6519309.0,0.01,0.08,0.0,3900.0,0.08,1362949.6,378.32,0.12,True,45.24,2025-01-28,5.48,0.55,0,,5.43,5.63,False,False
28-01-2025 12:00,TURSG,17.12,17.35,17.06,17.32,3578517.0,0.03,0.2,0.03,506.06,0.2,1444864.7,147.67,0.15,True,74.73,2025-01-28,16.85,2.79,0,,16.75,ATH,False,False
28-01-2025 11:00,SELVA,13.94,14.57,13.9,14.49,5127575.0,0.08,0.55,0.03,1864.29,0.55,940120.4,445.42,0.15,True,74.5,2025-01-28,13.75,5.38,1,14.57,13.75,14.57,False,False
28-01-2025 11:00,AHGAZ,19.56,19.84,19.56,19.8,346019.0,0.04,0.24,0.02,1400.0,0.24,200749.1,72.36,0.17,True,56.94,2025-01-28,19.54,1.33,1,19.84,19.48,19.84,False,False
28-01-2025 11:00,TSKB,13.49,13.67,13.49,13.65,2780476.0,0.02,0.16,0.02,700.0,0.16,1144661.7,142.91,0.12,True,63.18,2025-01-28,13.47,1.34,0,,13.32,13.66,False,False
28-01-2025 11:00,CIMSA,55.05,56.55,54.6,56.15,4111329.0,0.4,1.1,0.0,21900.0,1.1,1579575.9,160.28,0.36,True,62.52,2025-01-28,56.5,-0.62,2,54.6,54.6,56.85,False,False
28-01-2025 11:00,CEOEM,26.14,26.44,26.08,26.4,194656.0,0.04,0.26,0.02,1081.82,0.26,128955.0,50.95,0.15,True,61.33,2025-01-28,26.0,1.54,0,,25.8,26.44,False,False
28-01-2025 10:00,ISCTR,14.49,14.61,14.44,14.6,123302643.0,0.01,0.11,0.02,511.11,0.11,39089221.6,215.44,0.09,True,61.78,2025-01-28,14.39,1.46,0,,14.24,14.9,False,False
28-01-2025 10:00,KOTON,18.9,19.16,18.9,19.15,478924.0,0.01,0.25,0.01,3471.43,0.25,263309.2,81.89,0.04,True,43.99,2025-01-28,18.89,1.38,0,,18.82,20.44,True,True
28-01-2025 10:00,KONTR,36.26,37.9,36.26,37.56,18204406.0,0.34,1.3,0.09,1344.44,1.3,2632186.1,591.61,0.26,True,66.46,2025-01-28,36.18,3.81,1,37.9,36.18,37.9,True,True
28-01-2025 10:00,KARYE,28.16,29.2,28.16,28.98,1545971.0,0.22,0.82,0.07,1008.11,0.82,257039.2,501.45,0.27,True,71.82,2025-01-28,28.16,2.91,1,29.2,27.78,29.2,False,False
28-01-2025 10:00,EKOS,25.08,25.9,24.94,25.84,1778968.0,0.06,0.76,0.11,578.57,0.76,345131.5,415.45,0.08,True,83.44,2025-01-28,24.98,3.44,0,,24.48,ATH,False,False
28-01-2025 10:00,ASELS,85.9,87.45,84.65,87.3,10113878.0,0.15,1.4,0.17,700.0,1.4,4866275.2,107.84,0.11,True,72.2,2025-01-28,85.85,1.69,2,84.65,84.65,ATH,False,False
28-01-2025 10:00,EUPWR,36.7,37.92,36.36,37.92,3761825.0,0.0,1.22,0.11,1050.94,1.22,1008507.7,273.01,0.0,True,87.02,2025-01-28,34.48,9.98,1,37.92,32.54,ATH,False,False
28-01-2025 10:00,CATES,36.98,37.96,36.92,37.8,487821.0,0.16,0.82,0.01,5757.14,0.82,110674.2,340.77,0.2,True,64.33,2025-01-28,36.76,2.83,1,37.96,36.74,37.96,False,False
28-01-2025 10:00,TRILC,18.02,18.63,17.93,18.58,6202822.0,0.05,0.56,0.13,317.91,0.56,1844126.4,236.36,0.09,True,79.73,2025-01-28,18.0,3.22,0,,16.62,ATH,False,False
28-01-2025 10:00,AVPGY,61.55,62.8,61.35,62.6,668476.0,0.2,1.05,0.19,438.46,1.05,300749.3,122.27,0.19,True,74.94,2025-01-28,61.55,1.71,0,,58.7,ATH,False,False
28-01-2025 10:00,ALFAS,75.2,77.85,74.75,77.1,2705680.0,0.75,1.9,0.27,590.91,1.9,466347.4,480.19,0.39,True,64.7,2025-01-28,74.4,3.63,1,77.85,73.4,77.85,False,False
28-01-2025 10:00,SMRTG,39.88,43.22,39.88,43.22,4510157.0,0.0,3.34,0.28,1084.4,3.34,641703.5,602.84,0.0,True,81.46,2025-01-28,39.3,9.97,1,43.22,39.24,ATH,True,False
28-01-2025 10:00,ARCLK,131.0,133.5,130.9,132.8,936043.0,0.7,1.8,0.05,3500.0,1.8,313067.3,198.99,0.39,True,66.38,2025-01-28,130.7,1.61,0,,125.0,ATH,False,False
28-01-2025 10:00,BRLSM,15.27,15.8,15.27,15.66,1390766.0,0.14,0.39,0.02,2337.5,0.39,258479.0,438.06,0.36,True,67.84,2025-01-28,15.25,2.69,0,,15.18,16.04,False,False
28-01-2025 10:00,YEOTK,51.9,56.4,51.85,55.45,6827690.0,0.95,3.55,0.24,1410.64,3.55,1049615.2,550.49,0.27,True,71.91,2025-01-28,51.3,8.09,1,56.4,50.5,56.4,False,False
27-01-2025 17:00,ISFIN,13.07,13.48,13.07,13.46,2030926.0,0.02,0.39,0.03,1344.44,0.39,427111.9,375.5,0.05,True,65.5,2025-01-27,13.22,1.82,0,,12.89,ATH,False,False
27-01-2025 16:00,MNDTR,6.67,6.77,6.64,6.76,334684.0,0.01,0.09,0.01,900.0,0.09,208512.6,60.51,0.11,True,66.4,2025-01-27,6.67,1.35,0,,6.5,ATH,False,False
27-01-2025 15:00,MERKO,16.22,16.67,15.96,16.65,3031437.0,0.02,0.43,0.11,301.87,0.43,687135.2,341.17,0.05,True,73.85,2025-01-27,15.9,4.72,0,,15.56,ATH,False,False
27-01-2025 15:00,SMART,34.84,36.22,34.5,36.22,1199520.0,0.0,1.38,0.31,348.05,1.38,535018.7,124.2,0.0,True,73.66,2025-01-27,32.94,9.96,0,,ATL,ATH,False,False
27-01-2025 12:00,RALYH,406.0,415.5,405.5,414.5,143302.0,1.0,8.5,1.25,580.0,8.5,69495.8,106.2,0.12,True,74.34,2025-01-27,399.0,3.88,0,,319.0,ATH,False,False
27-01-2025 12:00,PGSUS,230.5,232.8,230.4,232.3,1887492.0,0.5,1.8,0.59,205.08,1.8,931936.5,102.53,0.28,True,64.34,2025-01-27,230.2,0.91,1,232.8,226.3,232.8,False,False
27-01-2025 12:00,OSTIM,10.38,10.89,10.37,10.8,3256156.0,0.09,0.42,0.05,723.53,0.42,1129094.9,188.39,0.21,True,70.97,2025-01-27,10.04,7.57,0,,9.52,ATH,False,False
27-01-2025 12:00,EGPRO,22.98,25.38,22.92,25.36,812183.0,0.02,2.38,0.25,837.01,2.38,129487.9,527.23,0.01,True,86.49,2025-01-27,23.08,9.88,1,25.38,22.76,25.38,False,False
27-01-2025 11:00,TCELL,105.6,106.9,105.4,106.7,3421247.0,0.2,1.1,0.05,2100.0,1.1,1997378.6,71.29,0.18,True,60.91,2025-01-27,106.4,0.28,0,,104.3,107.8,False,False
27-01-2025 11:00,ASTOR,127.6,130.6,127.6,130.3,4040645.0,0.3,2.7,0.35,671.43,2.7,1538984.1,162.55,0.11,True,79.63,2025-01-27,128.0,1.8,1,130.6,126.9,130.6,False,False
27-01-2025 11:00,ODAS,5.91,6.0,5.9,5.98,8407794.0,0.02,0.07,0.01,900.0,0.07,3889957.4,116.14,0.29,True,57.25,2025-01-27,5.97,0.17,1,6.0,5.87,6.0,False,False
27-01-2025 11:00,SURGY,46.78,47.74,46.74,47.7,686761.0,0.04,0.92,0.32,185.71,0.92,356378.9,92.71,0.04,True,80.5,2025-01-27,45.58,4.65,1,47.74,43.3,47.74,False,False
27-01-2025 11:00,PLTUR,32.44,33.86,32.42,33.86,874437.0,0.0,1.42,0.15,859.46,1.42,229521.2,280.98,0.0,True,63.11,2025-01-27,33.02,2.54,0,,32.4,34.16,False,False
27-01-2025 11:00,YATAS,28.1,28.96,27.88,28.94,2443551.0,0.02,0.84,0.16,431.65,0.84,649278.7,276.35,0.02,True,87.57,2025-01-27,26.38,9.7,1,28.96,26.12,28.96,False,False
27-01-2025 10:00,TSPOR,1.14,1.15,1.13,1.15,37562004.0,0.0,0.01,0.0,900.0,0.01,24282931.8,54.68,0.0,True,44.37,2025-01-27,1.14,0.88,2,1.13,1.13,1.24,True,True
27-01-2025 10:00,CGCAM,31.14,32.54,31.0,32.5,5250755.0,0.04,1.36,0.11,1183.02,1.36,1204676.3,335.86,0.03,True,57.12,2025-01-27,31.32,3.77,2,31.0,31.0,34.78,True,True
27-01-2025 10:00,ARENA,37.2,39.1,36.88,38.66,1387382.0,0.44,1.46,0.27,444.78,1.46,394385.1,251.78,0.3,True,86.1,2025-01-27,37.0,4.49,0,,34.26,ATH,False,False
27-01-2025 10:00,ODINE,124.4,131.9,124.0,131.2,1400526.0,0.7,6.8,0.73,831.51,6.8,421771.3,232.06,0.1,True,83.79,2025-01-27,124.0,5.81,0,,111.2,ATH,False,False
27-01-2025 10:00,SMRVA,28.0,28.86,27.94,28.84,1664907.0,0.02,0.84,0.1,723.53,0.84,667674.2,149.36,0.02,True,71.13,2025-01-27,28.1,2.63,0,,25.92,ATH,False,False
27-01-2025 10:00,DAPGM,7.78,7.9,7.78,7.89,4524079.0,0.01,0.11,0.02,478.95,0.11,2596843.0,74.21,0.09,True,72.86,2025-01-27,7.8,1.15,0,,7.61,ATH,False,False
27-01-2025 10:00,PENTA,16.54,16.89,16.29,16.85,831521.0,0.04,0.31,0.07,376.92,0.31,305350.6,172.32,0.13,True,76.57,2025-01-27,16.54,1.87,2,16.29,16.29,ATH,False,False
24-01-2025 17:00,VESTL,64.9,65.9,64.8,65.75,618197.0,0.15,0.85,0.07,1033.33,0.85,249708.9,147.57,0.18,True,60.11,2025-01-24,65.1,1.0,1,65.9,64.45,65.9,False,False
24-01-2025 17:00,SANFM,51.4,52.8,51.15,52.5,502541.0,0.3,1.1,0.12,780.0,1.1,135914.7,269.75,0.27,True,63.79,2025-01-24,50.5,3.96,0,,50.2,ATH,False,False
24-01-2025 17:00,YYAPI,2.05,2.12,2.04,2.11,10430632.0,0.01,0.06,0.01,1100.0,0.06,2374676.4,339.24,0.17,True,69.4,2025-01-24,2.04,3.43,1,2.12,2.01,2.12,False,False
24-01-2025 17:00,ISDMR,38.86,39.4,38.82,39.34,708608.0,0.06,0.48,0.06,650.0,0.48,188482.6,275.95,0.12,True,67.42,2025-01-24,38.64,1.81,1,39.4,38.58,39.4,False,False
24-01-2025 17:00,ZOREN,4.17,4.21,4.16,4.21,18353003.0,0.0,0.04,0.0,1233.33,0.04,7498462.6,144.76,0.0,True,60.32,2025-01-24,4.16,1.2,0,,4.15,ATH,False,False
24-01-2025 17:00,KCAER,12.8,12.93,12.78,12.93,1057500.0,0.0,0.13,0.0,4233.33,0.13,416743.3,153.75,0.0,True,50.06,2025-01-24,12.87,0.47,0,,12.78,13.1,True,True
24-01-2025 17:00,KBORU,79.5,81.2,79.4,81.0,432047.0,0.2,1.5,0.19,689.47,1.5,141811.2,204.66,0.13,True,64.85,2025-01-24,79.25,2.21,0,,78.45,81.3,False,False
24-01-2025 17:00,AYDEM,23.04,23.54,23.04,23.48,1695927.0,0.06,0.44,0.06,633.33,0.44,275307.2,516.01,0.14,True,77.71,2025-01-24,22.84,2.8,0,,22.74,ATH,False,False
24-01-2025 17:00,ICBCT,13.99,14.29,13.99,14.28,498502.0,0.01,0.29,0.02,1160.87,0.29,109806.7,353.98,0.03,True,54.11,2025-01-24,14.09,1.35,0,,13.98,14.42,True,True
24-01-2025 17:00,GESAN,47.74,48.64,47.7,48.52,1358446.0,0.12,0.78,0.15,406.49,0.78,683762.2,98.67,0.15,True,67.71,2025-01-24,46.9,3.45,0,,46.6,ATH,False,False
24-01-2025 16:00,USAK,14.4,15.0,14.33,14.91,11233878.0,0.09,0.51,0.1,431.25,0.51,4642610.3,141.97,0.18,True,77.6,2025-01-24,13.64,9.31,1,15.0,13.62,15.0,False,False
24-01-2025 16:00,BEYAZ,27.02,27.34,26.86,27.34,287887.0,0.0,0.32,0.04,627.27,0.32,134758.0,113.63,0.0,True,56.03,2025-01-24,27.0,1.26,0,,26.32,27.46,False,False
24-01-2025 15:00,DCTTR,39.7,40.64,39.6,40.5,1129373.0,0.14,0.8,0.15,433.33,0.8,699388.2,61.48,0.18,True,76.39,2025-01-24,39.2,3.32,0,,38.44,ATH,False,False
24-01-2025 14:00,TCKRC,31.72,32.94,31.72,32.72,1659173.0,0.22,1.0,0.12,719.67,1.0,472574.2,251.09,0.22,True,73.28,2025-01-24,31.82,2.83,0,,30.98,ATH,False,False
24-01-2025 14:00,EDIP,21.62,22.02,21.58,21.96,650414.0,0.06,0.34,0.09,261.7,0.34,254954.2,155.11,0.18,True,81.0,2025-01-24,21.16,3.78,0,,21.04,ATH,False,False
24-01-2025 13:00,EGEGY,15.0,15.38,14.99,15.32,3841539.0,0.06,0.32,0.03,1130.77,0.32,1404647.3,173.49,0.19,True,71.74,2025-01-24,14.97,2.34,0,,14.92,15.41,False,False
24-01-2025 12:00,OSMEN,10.05,10.2,10.05,10.18,378849.0,0.02,0.13,0.01,1344.44,0.13,244680.3,54.83,0.15,True,53.73,2025-01-24,10.03,1.5,1,10.2,9.97,10.2,False,False
24-01-2025 12:00,RYSAS,21.48,21.78,21.48,21.78,442173.0,0.0,0.3,0.04,650.0,0.3,273748.9,61.53,0.0,True,67.32,2025-01-24,21.28,2.35,0,,20.4,ATH,False,False
24-01-2025 11:00,FONET,16.61,17.09,16.59,17.0,1948757.0,0.09,0.39,0.02,2337.5,0.39,555740.2,250.66,0.23,True,68.15,2025-01-24,16.76,1.43,1,17.09,16.43,17.09,False,False
24-01-2025 11:00,ELITE,36.84,37.3,36.84,37.2,329305.0,0.1,0.36,0.02,1900.0,0.36,141346.4,132.98,0.28,True,56.81,2025-01-24,36.94,0.7,0,,36.5,37.36,False,False
24-01-2025 11:00,MIATK,38.74,39.56,38.66,39.36,1981499.0,0.2,0.62,0.04,1622.22,0.62,957508.6,106.94,0.32,True,61.42,2025-01-24,39.06,0.77,2,38.66,38.66,39.54,False,False
24-01-2025 11:00,AZTEK,47.94,49.5,47.86,49.28,487674.0,0.22,1.34,0.07,1710.81,1.34,140959.9,245.97,0.16,True,62.44,2025-01-24,48.56,1.48,0,,47.74,ATH,False,False
24-01-2025 10:00,BRKVY,63.05,66.6,62.25,66.4,1988498.0,0.2,3.35,0.16,1993.75,3.35,518756.3,283.32,0.06,True,50.16,2025-01-24,63.2,5.06,2,62.25,62.25,74.55,False,False
24-01-2025 10:00,ULUUN,6.26,6.41,6.25,6.38,1780841.0,0.03,0.12,0.01,990.91,0.12,417686.1,326.36,0.25,True,66.71,2025-01-24,6.25,2.08,1,6.41,6.23,6.41,True,True
23-01-2025 17:00,INDES,7.79,7.9,7.75,7.89,1287984.0,0.01,0.1,0.01,669.23,0.1,308545.7,317.44,0.1,True,63.12,2025-01-23,7.76,1.68,2,7.75,7.75,ATH,False,False
23-01-2025 17:00,OYAKC,25.28,25.66,25.2,25.62,6078390.0,0.04,0.34,0.03,1114.29,0.34,3579046.6,69.83,0.12,True,57.7,2025-01-23,25.24,1.51,2,25.2,25.2,25.66,False,False
23-01-2025 17:00,FROTO,944.0,958.0,942.0,954.0,523183.0,4.0,10.0,2.45,308.16,10.0,178911.5,192.43,0.4,True,82.06,2025-01-23,927.5,2.86,1,958.0,920.0,958.0,False,False
23-01-2025 17:00,NTHOL,45.66,45.98,45.32,45.98,340667.0,0.0,0.32,0.02,1354.55,0.32,146194.5,133.02,0.0,True,68.14,2025-01-23,45.78,0.44,0,,44.4,46.24,False,False
23-01-2025 17:00,JANTS,25.64,26.0,25.58,25.98,419125.0,0.02,0.34,0.03,1207.69,0.34,215124.2,94.83,0.06,True,65.16,2025-01-23,25.52,1.8,1,26.0,25.42,26.0,False,False
23-01-2025 16:00,POLHO,11.29,11.41,11.21,11.39,593203.0,0.02,0.1,0.03,284.62,0.1,289728.1,104.74,0.2,True,59.9,2025-01-23,11.11,2.52,0,,11.08,ATH,False,False
23-01-2025 16:00,FORMT,7.27,7.53,7.26,7.46,4122905.0,0.07,0.19,0.01,1361.54,0.19,1121149.2,267.74,0.37,True,63.28,2025-01-23,7.25,2.9,1,7.53,7.17,7.53,False,False
23-01-2025 15:00,MERIT,14.47,14.79,14.46,14.71,669973.0,0.08,0.24,0.04,485.37,0.24,278679.8,140.41,0.33,True,69.42,2025-01-23,14.3,2.87,1,14.79,14.21,14.79,False,False
23-01-2025 15:00,EDATA,14.11,14.52,14.09,14.51,559545.0,0.01,0.4,0.06,545.16,0.4,208068.8,168.92,0.02,True,68.49,2025-01-23,14.04,3.35,0,,13.82,ATH,False,False
23-01-2025 15:00,VBTYZ,26.06,26.46,25.92,26.46,450396.0,0.0,0.4,0.16,153.16,0.4,187284.8,140.49,0.0,True,71.5,2025-01-23,25.3,4.58,0,,24.98,ATH,False,False
23-01-2025 15:00,MOBTL,4.25,4.33,4.24,4.31,1761995.0,0.02,0.06,0.01,650.0,0.06,852596.3,106.66,0.33,True,62.46,2025-01-23,4.24,1.65,0,,4.23,4.38,False,False
23-01-2025 15:00,PRKAB,30.66,31.08,30.66,31.02,193055.0,0.06,0.36,0.04,847.37,0.36,120940.3,59.63,0.17,True,68.23,2025-01-23,30.34,2.24,0,,29.6,31.12,False,False
23-01-2025 15:00,THYAO,303.25,307.5,303.0,306.75,6724069.0,0.75,3.5,0.28,1172.73,3.5,2697775.6,149.24,0.21,True,60.49,2025-01-23,305.25,0.49,2,303.0,303.0,ATH,False,False
23-01-2025 14:00,BRKSN,25.6,26.32,25.5,26.26,610239.0,0.06,0.66,0.21,211.32,0.66,277296.5,120.07,0.09,True,84.35,2025-01-23,24.48,7.27,0,,23.62,ATH,False,False
23-01-2025 13:00,PRZMA,6.95,7.08,6.93,7.06,711643.0,0.02,0.11,0.01,1733.33,0.11,338138.4,110.46,0.18,True,60.83,2025-01-23,6.9,2.32,1,7.08,6.84,7.08,True,False
23-01-2025 12:00,EFORC,64.8,66.3,64.8,66.25,353827.0,0.05,1.45,0.44,233.33,1.45,209671.8,68.75,0.03,True,81.62,2025-01-23,64.25,3.11,0,,61.45,ATH,False,False
23-01-2025 12:00,BNTAS,11.42,11.51,11.42,11.49,209375.0,0.02,0.07,0.01,536.36,0.07,120715.7,73.44,0.29,True,49.36,2025-01-23,11.36,1.14,1,11.51,11.3,11.51,True,False
23-01-2025 12:00,INFO,2.69,2.74,2.68,2.74,1369493.0,0.0,0.05,0.01,614.29,0.05,514586.2,166.13,0.0,True,66.41,2025-01-23,2.67,2.62,0,,2.64,ATH,False,False
23-01-2025 12:00,SISE,39.28,39.54,39.24,39.48,10529267.0,0.06,0.2,0.07,203.03,0.2,4226589.0,149.12,0.3,True,64.75,2025-01-23,39.04,1.13,0,,38.72,ATH,False,False
23-01-2025 12:00,BORSK,22.92,23.12,22.9,23.1,258500.0,0.02,0.18,0.04,373.68,0.18,132655.7,94.87,0.11,True,63.47,2025-01-23,22.64,2.03,0,,22.54,ATH,True,False
23-01-2025 12:00,IZENR,4.59,4.63,4.57,4.63,1378150.0,0.0,0.04,0.0,1900.0,0.04,549422.7,150.84,0.0,True,59.61,2025-01-23,4.54,1.98,1,4.63,4.52,4.84,True,True
23-01-2025 12:00,TTKOM,48.22,48.94,48.2,48.92,10893683.0,0.02,0.7,0.23,199.15,0.7,5343288.3,103.88,0.03,True,84.28,2025-01-23,47.26,3.51,0,,46.06,ATH,False,False
23-01-2025 12:00,LMKDC,33.1,33.68,33.06,33.66,2096226.0,0.02,0.56,0.1,460.0,0.56,893859.5,134.51,0.04,True,66.55,2025-01-23,32.86,2.43,0,,32.26,ATH,False,False
23-01-2025 12:00,KCHOL,178.5,180.4,178.4,179.9,7492308.0,0.5,1.4,0.31,351.61,1.4,3204646.0,133.8,0.36,True,74.93,2025-01-23,177.2,1.52,0,,174.4,ATH,False,False
23-01-2025 11:00,ALTNY,76.8,79.3,76.8,78.85,796787.0,0.45,2.05,0.29,606.9,2.05,293963.2,171.05,0.22,True,73.96,2025-01-23,76.0,3.75,1,79.3,75.45,79.3,True,True
23-01-2025 11:00,YUNSA,6.41,6.46,6.41,6.45,402855.0,0.01,0.04,0.01,566.67,0.04,213750.6,88.47,0.25,True,52.05,2025-01-23,6.41,0.62,0,,6.37,6.5,True,True
23-01-2025 11:00,MTRKS,21.86,22.02,21.76,22.0,561980.0,0.02,0.14,0.05,204.35,0.14,132585.8,323.86,0.14,True,56.0,2025-01-23,21.88,0.55,0,,21.5,22.76,False,False
23-01-2025 11:00,TUKAS,6.73,6.78,6.73,6.78,1350453.0,0.0,0.05,0.0,900.0,0.05,738946.4,82.75,0.0,True,71.59,2025-01-23,6.72,0.89,0,,6.66,ATH,False,False
23-01-2025 11:00,BUCIM,8.96,9.09,8.95,9.08,717097.0,0.01,0.12,0.02,471.43,0.12,285698.1,151.0,0.08,True,64.77,2025-01-23,8.91,1.91,0,,8.74,9.19,False,False
23-01-2025 11:00,GSDDE,8.68,8.75,8.66,8.75,204480.0,0.0,0.07,0.0,1300.0,0.07,80797.9,153.08,0.0,True,53.0,2025-01-23,8.64,1.27,0,,8.6,ATH,True,False
23-01-2025 11:00,DNISI,26.66,27.64,26.66,27.5,1317088.0,0.14,0.84,0.08,976.92,0.84,219426.0,500.24,0.17,True,68.24,2025-01-23,26.54,3.62,0,,26.32,ATH,True,False
23-01-2025 11:00,YKSLN,7.61,7.72,7.61,7.71,264083.0,0.01,0.1,0.0,2400.0,0.1,107213.8,146.31,0.1,True,61.32,2025-01-23,7.55,2.12,1,7.72,7.55,7.72,False,False
23-01-2025 11:00,GSDHO,3.77,3.8,3.77,3.8,824719.0,0.0,0.03,0.0,500.0,0.03,399434.9,106.47,0.0,True,55.89,2025-01-23,3.75,1.33,0,,3.75,ATH,True,True
23-01-2025 11:00,CONSE,2.69,2.71,2.68,2.71,695938.0,0.0,0.02,0.0,400.0,0.02,417023.4,66.88,0.0,True,57.43,2025-01-23,2.67,1.5,1,2.71,2.66,2.74,True,True
23-01-2025 11:00,PETKM,17.86,18.05,17.85,18.03,8349192.0,0.02,0.17,0.03,448.39,0.17,4075206.7,104.88,0.12,True,64.35,2025-01-23,17.82,1.18,0,,17.64,ATH,False,False
23-01-2025 11:00,GOODY,17.43,17.64,17.42,17.63,249183.0,0.01,0.2,0.03,640.74,0.2,133491.6,86.67,0.05,True,52.65,2025-01-23,17.41,1.26,0,,17.13,ATH,False,False
23-01-2025 11:00,ONRYT,70.7,71.7,70.5,71.55,297342.0,0.15,0.85,0.11,672.73,0.85,123896.0,139.99,0.18,True,56.3,2025-01-23,70.5,1.49,1,71.7,70.0,71.7,True,False
23-01-2025 11:00,AKYHO,2.68,2.7,2.66,2.7,328499.0,0.0,0.02,0.0,4.50359962737049e+16,0.02,184577.2,77.97,0.0,True,56.52,2025-01-23,2.67,1.12,3,,2.66,2.71,False,False
23-01-2025 11:00,HRKET,71.4,72.85,71.35,72.85,459316.0,0.0,1.45,0.12,1060.0,1.45,167166.2,174.77,0.0,True,65.31,2025-01-23,71.2,2.32,0,,70.95,ATH,True,True
23-01-2025 11:00,ETILR,5.99,6.12,5.94,6.11,316268.0,0.01,0.12,0.0,2900.0,0.12,174746.3,80.99,0.08,True,60.33,2025-01-23,6.0,1.83,2,5.94,5.94,6.22,True,False
23-01-2025 10:00,BTCIM,4.44,4.68,4.4,4.63,28244639.0,0.05,0.19,0.02,763.64,0.19,5887008.3,379.78,0.26,True,64.19,2025-01-23,4.41,4.99,0,,4.3,4.72,False,False
23-01-2025 10:00,GUBRF,280.25,283.5,280.0,283.25,652328.0,0.25,3.0,0.42,605.88,3.0,192346.8,239.14,0.08,True,63.24,2025-01-23,279.5,1.34,0,,275.75,ATH,False,False
23-01-2025 10:00,IZMDC,5.33,5.37,5.33,5.36,188402.0,0.01,0.03,0.0,1400.0,0.03,119766.8,57.31,0.33,True,54.57,2025-01-23,5.34,0.37,0,,5.3,ATH,False,False
23-01-2025 10:00,METUR,16.8,17.12,16.75,17.06,1107326.0,0.06,0.26,0.02,1429.41,0.26,391830.5,182.6,0.23,True,59.35,2025-01-23,16.72,2.03,0,,16.54,ATH,False,False
23-01-2025 10:00,IZFAS,76.1,78.3,76.1,77.95,179676.0,0.35,1.85,0.25,640.0,1.85,80543.9,123.08,0.19,True,59.91,2025-01-23,75.6,3.11,1,78.3,72.15,78.3,False,False
23-01-2025 10:00,KERVT,13.03,13.35,13.03,13.3,1225443.0,0.05,0.27,0.02,1127.27,0.27,353654.5,246.51,0.19,True,65.73,2025-01-23,13.0,2.31,0,,12.94,ATH,True,True
23-01-2025 10:00,DITAS,15.4,16.77,15.4,16.77,1891061.0,0.0,1.37,0.12,996.0,1.37,239701.2,688.92,0.0,True,83.91,2025-01-23,15.25,9.97,1,16.77,15.11,ATH,False,False
22-01-2025 17:00,MARTI,3.31,3.35,3.3,3.35,1958472.0,0.0,0.04,0.01,566.67,0.04,493689.0,296.7,0.0,True,62.93,2025-01-22,3.3,1.52,0,,3.24,3.36,False,False
22-01-2025 17:00,TUPRS,143.2,145.1,143.1,144.7,5549505.0,0.4,1.5,0.16,837.5,1.5,1863194.9,197.85,0.27,True,54.41,2025-01-22,142.6,1.47,0,,142.1,ATH,False,False
22-01-2025 17:00,BOSSA,6.82,7.04,6.79,7.0,1399336.0,0.04,0.18,0.02,847.37,0.18,521265.8,168.45,0.22,True,69.47,2025-01-22,6.78,3.24,0,,6.7,ATH,False,False
22-01-2025 17:00,VRGYO,3.24,3.42,3.23,3.37,11202877.0,0.05,0.13,0.01,1344.44,0.13,4171784.1,168.54,0.38,True,75.39,2025-01-22,3.27,3.06,1,3.42,3.1,3.42,False,False
22-01-2025 17:00,ALVES,36.64,37.28,36.62,37.24,405771.0,0.04,0.6,0.07,809.09,0.6,154968.1,161.84,0.07,True,70.34,2025-01-22,36.64,1.64,0,,35.98,37.9,False,False
22-01-2025 17:00,AKSEN,40.74,41.56,40.54,41.56,1112243.0,0.0,0.82,0.18,360.67,0.82,384339.3,189.39,0.0,True,73.66,2025-01-22,39.8,4.42,0,,39.76,ATH,False,False
22-01-2025 17:00,ALARK,89.0,90.0,88.95,89.95,923082.0,0.05,0.95,0.19,413.51,0.95,397319.7,132.33,0.05,True,61.96,2025-01-22,88.05,2.16,0,,87.8,ATH,False,False
22-01-2025 17:00,TKNSA,27.6,28.24,27.5,28.16,950592.0,0.08,0.56,0.01,9233.33,0.56,360983.9,163.33,0.14,True,49.94,2025-01-22,28.14,0.07,0,,27.46,ATH,False,False
22-01-2025 16:00,ALBRK,7.45,7.54,7.45,7.53,3400223.0,0.01,0.08,0.01,566.67,0.08,1430246.5,137.74,0.12,True,76.22,2025-01-22,7.35,2.45,0,,ATL,ATH,False,False
22-01-2025 16:00,SEGYO,4.67,4.73,4.66,4.72,610830.0,0.01,0.05,0.0,2400.0,0.05,330135.6,85.02,0.2,True,52.2,2025-01-22,4.69,0.64,0,,4.62,ATH,False,False
22-01-2025 15:00,YKBNK,32.96,33.26,32.92,33.22,49897651.0,0.04,0.26,0.06,364.29,0.26,28734939.6,73.65,0.15,True,77.8,2025-01-22,32.58,1.96,0,,31.16,ATH,False,False
22-01-2025 14:00,DGNMO,8.78,8.87,8.77,8.87,207354.0,0.0,0.09,0.01,1400.0,0.09,96379.4,115.14,0.0,True,49.36,2025-01-22,8.87,0.0,0,,8.73,ATH,False,False
22-01-2025 14:00,ANHYT,103.4,106.5,103.4,106.2,154445.0,0.3,2.8,0.21,1233.33,2.8,66923.7,130.78,0.11,True,63.5,2025-01-22,103.5,2.61,0,,102.9,108.5,False,False
22-01-2025 14:00,DOAS,190.9,194.0,190.7,193.7,520137.0,0.3,2.8,0.16,1650.0,2.8,190671.9,172.79,0.11,True,59.93,2025-01-22,190.6,1.63,0,,190.0,ATH,False,False
22-01-2025 14:00,VAKFN,2.06,2.08,2.06,2.08,11079999.0,0.0,0.02,0.0,566.67,0.02,6279792.9,76.44,0.0,True,59.79,2025-01-22,2.05,1.46,0,,2.04,ATH,False,False
22-01-2025 14:00,SAHOL,100.9,101.9,100.8,101.8,3205365.0,0.1,0.9,0.07,1100.0,0.9,1659400.0,93.16,0.11,True,66.27,2025-01-22,99.75,2.06,0,,99.55,ATH,False,False
22-01-2025 12:00,ALMAD,7.55,7.8,7.53,7.75,932887.0,0.05,0.2,0.01,1718.18,0.2,393682.1,136.96,0.25,True,51.74,2025-01-22,7.66,1.17,3,,ATL,7.8,False,False
22-01-2025 10:00,HUNER,3.75,3.8,3.74,3.79,1459793.0,0.01,0.04,0.0,1900.0,0.04,775597.9,88.22,0.25,True,41.5,2025-01-22,3.78,0.26,0,,ATL,ATH,False,False
22-01-2025 10:00,KARTN,112.6,122.6,111.4,122.6,706126.0,0.0,10.0,0.77,1198.7,10.0,106335.6,564.05,0.0,True,79.93,2025-01-22,111.5,9.96,1,122.6,110.1,ATH,False,False
22-01-2025 10:00,OZATD,90.05,92.85,89.9,92.1,1027168.0,0.75,2.05,0.28,645.45,2.05,270520.0,279.7,0.37,True,72.88,2025-01-22,89.75,2.62,1,92.85,88.05,92.85,False,False
22-01-2025 10:00,BOBET,23.1,23.76,23.1,23.66,1271940.0,0.1,0.56,0.03,1547.06,0.56,293302.8,333.66,0.18,True,62.99,2025-01-22,23.1,2.42,2,23.1,23.1,ATH,False,False
21-01-2025 17:00,GWIND,30.42,30.94,30.38,30.88,763104.0,0.06,0.46,0.01,3185.71,0.46,169739.9,349.57,0.13,True,62.97,2025-01-21,30.52,1.18,0,,30.2,ATH,False,False
21-01-2025 16:00,ADESE,2.19,2.21,2.18,2.21,7752746.0,0.0,0.02,0.0,900.0,0.02,3958763.8,95.84,0.0,True,49.88,2025-01-21,2.21,0.0,2,2.18,2.18,ATH,False,False
21-01-2025 16:00,CCOLA,60.15,61.1,59.95,61.0,886273.0,0.1,0.85,0.02,5566.67,0.85,513326.4,72.65,0.12,True,54.79,2025-01-21,60.55,0.74,0,,ATL,ATH,False,False
21-01-2025 11:00,NTGAZ,6.41,6.6,6.4,6.59,774354.0,0.01,0.18,0.03,542.86,0.18,345019.2,124.44,0.06,True,89.18,2025-01-21,6.36,3.62,1,6.6,ATL,6.6,False,False
21-01-2025 10:00,ALTIN,31.28,31.47,31.27,31.46,4454116.0,0.01,0.18,0.02,847.37,0.18,1372874.7,224.44,0.06,True,75.98,2025-01-21,31.1,1.16,0,,ATL,ATH,False,False
21-01-2025 10:00,BAGFS,23.3,24.4,23.2,24.24,1055468.0,0.16,0.94,0.1,879.17,0.94,151433.2,596.99,0.17,True,83.11,2025-01-21,23.22,4.39,0,,23.0,ATH,False,False
21-01-2025 10:00,XBANK,15361.56,15581.65,15329.14,15524.23,327245746.0,57.42,162.67,26.2,520.97,162.67,113375824.9,188.64,0.35,True,77.44,2025-01-21,15367.63,1.02,0,,ATL,ATH,False,False
21-01-2025 10:00,XU100,10012.67,10068.41,9989.37,10054.0,1200333331.0,14.41,41.33,2.44,1597.33,41.33,411756339.9,191.52,0.35,True,67.0,2025-01-21,10029.31,0.25,0,,ATL,ATH,False,False
20-01-2025 17:00,MANAS,9.0,9.25,8.95,9.25,638216.0,0.0,0.25,0.03,614.29,0.25,327857.6,94.66,0.0,True,,2025-01-20,8.88,4.17,1,9.25,ATL,ATH,False,False
20-01-2025 17:00,AGROT,10.59,11.09,10.56,11.08,16062235.0,0.01,0.49,0.07,590.14,0.49,6021158.0,166.76,0.02,True,,2025-01-20,10.34,7.16,0,,ATL,ATH,False,False
20-01-2025 17:00,KOPOL,6.01,6.39,5.99,6.39,3628360.0,0.0,0.38,0.03,985.71,0.38,1149149.7,215.74,0.0,True,,2025-01-20,6.03,5.97,0,,5.94,ATH,False,False
20-01-2025 16:00,GENTS,11.14,11.47,11.14,11.47,349416.0,0.0,0.33,0.05,617.39,0.33,145103.0,140.81,0.0,True,,2025-01-20,11.14,2.96,0,,ATL,ATH,False,False
20-01-2025 16:00,MERCN,16.03,17.0,16.0,16.73,1390698.0,0.27,0.7,0.05,1272.55,0.7,303428.9,358.33,0.39,True,,2025-01-20,16.0,4.56,1,17.0,15.71,17.0,False,False
20-01-2025 14:00,HKTM,18.41,19.19,18.41,18.98,1376073.0,0.21,0.57,0.11,427.78,0.57,648271.3,112.27,0.37,True,,2025-01-20,18.01,5.39,0,,ATL,ATH,False,False
20-01-2025 14:00,MHRGY,4.87,4.91,4.86,4.91,681222.0,0.0,0.04,0.0,1900.0,0.04,431634.9,57.82,0.0,True,,2025-01-20,4.84,1.45,0,,ATL,ATH,False,False
